---
startPose:
  x: 0.0
  y: 0.0
  heading: -1.5707963267948966
startTangent: 0.0
waypoints:
- position:
    x: -16.0
    y: 16.0
  heading: 0.0
  tangent: 1.5707963267948966
  interpolationType: "TANGENT"
resolution: 0.25
version: 1
