---
startPose:
  x: 30.0
  y: 30.0
  heading: 0.0
startTangent: 1.5707963267948966
waypoints:
- position:
    x: 30.0
    y: 30.0
  heading: 0.0
  tangent: 1.5707963267948966
  interpolationType: "TANGENT"
resolution: 0.25
version: 1
